http://www.ussensor.com/rt%20charts/PT103J2.htm
  T degF     T degC      Resitance Ohm
  -80.0 	  -112.0  	  7389000.00    
  -79.0 	  -110.2  	  6757530.00    
  -78.0 	  -108.4  	  6184463.00    
  -77.0 	  -106.6  	  5664013.00    
  -76.0 	  -104.8  	  5190990.00    
  -75.0 	  -103.0  	  4760763.00    
  -74.0 	  -101.2  	  4369173.00    
  -73.0 	  -99.4  	  4012500.00    
  -72.0 	  -97.6  	  3687397.00    
  -71.0 	  -95.8  	  3390863.00    
  -70.0 	  -94.0  	  3120207.00    
  -69.0 	  -92.2  	  2872997.00    
  -68.0 	  -90.4  	  2647053.00    
  -67.0 	  -88.6  	  2440407.00    
  -66.0 	  -86.8  	  2251290.00    
  -65.0 	  -85.0  	  2078100.00    
  -64.0 	  -83.2  	  1919397.00    
  -63.0 	  -81.4  	  1773873.00    
  -62.0 	  -79.6  	  1640357.00    
  -61.0 	  -77.8  	  1517777.00    
  -60.0 	  -76.0  	  1405170.00    
  -59.0 	  -74.2  	  1301663.00    
  -58.0 	  -72.4  	  1206463.00    
  -57.0 	  -70.6  	  1118853.00    
  -56.0 	  -68.8  	  1038180.00    
  -55.0 	  -67.0  	  963849.00    
  -54.0 	  -65.2  	  895332.00    
  -53.0 	  -63.4  	  832130.00    
  -52.0 	  -61.6  	  773799.00    
  -51.0 	  -59.8  	  719934.00    
  -50.0 	  -58.0  	  670166.00    
  -49.0 	  -56.2  	  624159.00    
  -48.0 	  -54.4  	  581605.00    
  -47.0 	  -52.6  	  542225.00    
  -46.0 	  -50.8  	  505763.00    
  -45.0 	  -49.0  	  471985.00    
  -44.0 	  -47.2  	  440674.00    
  -43.0 	  -45.4  	  411640.00    
  -42.0 	  -43.6  	  384703.00    
  -41.0 	  -41.8  	  359700.00    
  -40.0 	  -40.0  	  336479.00    
  -39.0 	  -38.2  	  314904.00    
  -38.0 	  -36.4  	  294848.00    
  -37.0 	  -34.6  	  276194.00    
  -36.0 	  -32.8  	  258838.00    
  -35.0 	  -31.0  	  242681.00    
  -34.0 	  -29.2  	  227632.00    
  -33.0 	  -27.4  	  213610.00    
  -32.0 	  -25.6  	  200539.00    
  -31.0 	  -23.8  	  188349.00    
  -30.0 	  -22.0  	  176974.00    
  -29.0 	  -20.2  	  166356.00    
  -28.0 	  -18.4  	  156441.00    
  -27.0 	  -16.6  	  147177.00    
  -26.0 	  -14.8  	  138518.00    
  -25.0 	  -13.0  	  130421.00    
  -24.0 	  -11.2  	  122847.00    
  -23.0 	  -9.4  	  115759.00    
  -22.0 	  -7.6  	  109122.00    
  -21.0 	  -5.8  	  102906.00    
  -20.0 	  -4.0  	  97081.00    
  -19.0 	  -2.2  	  91621.00    
  -18.0 	  -0.4  	  86501.00    
  -17.0 	  1.4  	  81698.00    
  -16.0 	  3.2  	  77190.00    
  -15.0 	  5.0  	  72957.00    
  -14.0 	  6.8  	  68982.00    
  -13.0 	  8.6  	  65246.00    
  -12.0 	  10.4  	  61736.00    
  -11.0 	  12.2  	  58434.00    
  -10.0 	  14.0  	  55329.00    
  -9.0  	  15.8  	  52407.00    
  -8.0  	  17.6  	  49656.00    
  -7.0  	  19.4  	  47066.00    
  -6.0  	  21.2  	  44626.00    
  -5.0  	  23.0  	  42327.00    
  -4.0  	  24.8  	  40159.00    
  -3.0  	  26.6  	  38115.00    
  -2.0  	  28.4  	  36187.00    
  -1.0  	  30.2  	  34368.00    
  0.0  	  32.0  	  32650.00    
  1.0  	  33.8  	  31029.00    
  2.0  	  35.6  	  29498.00    
  3.0  	  37.4  	  28052.00    
  4.0  	  39.2  	  26685.00    
  5.0  	  41.0  	  25392.00    
  6.0  	  42.8  	  24170.00    
  7.0  	  44.6  	  23013.00    
  8.0  	  46.4  	  21918.00    
  9.0  	  48.2  	  20882.00    
  10.0  	  50.0  	  19901.00    
  11.0  	  51.8  	  18971.00    
  12.0  	  53.6  	  18090.00    
  13.0  	  55.4  	  17255.00    
  14.0  	  57.2  	  16463.00    
  15.0  	  59.0  	  15712.00    
  16.0  	  60.8  	  14999.00    
  17.0  	  62.6  	  14323.00    
  18.0  	  64.4  	  13681.00    
  19.0  	  66.2  	  13072.00    
  20.0  	  68.0  	  12493.00    
  21.0  	  69.8  	  11942.00    
  22.0  	  71.6  	  11419.00    
  23.0  	  73.4  	  10922.00    
  24.0  	  75.2  	  10450.00    
  25.0  	  77.0  	  10000.00    
  26.0  	  78.8  	  9572.00    
  27.0  	  80.6  	  9165.00    
  28.0  	  82.4  	  8777.00    
  29.0  	  84.2  	  8408.00    
  30.0  	  86.0  	  8057.00    
  31.0  	  87.8  	  7722.00    
  32.0  	  89.6  	  7402.00    
  33.0  	  91.4  	  7098.00    
  34.0  	  93.2  	  6808.00    
  35.0  	  95.0  	  6531.00    
  36.0  	  96.8  	  6267.00    
  37.0  	  98.6  	  6015.00    
  38.0  	  100.4  	  5775.00    
  39.0  	  102.2  	  5545.00    
  40.0  	  104.0  	  5326.00    
  41.0  	  105.8  	  5117.00    
  42.0  	  107.6  	  4917.00    
  43.0  	  109.4  	  4725.00    
  44.0  	  111.2  	  4543.00    
  45.0  	  113.0  	  4368.00    
  46.0  	  114.8  	  4201.00    
  47.0  	  116.6  	  4041.00    
  48.0  	  118.4  	  3888.00    
  49.0  	  120.2  	  3742.00    
  50.0  	  122.0  	  3602.00    
  51.0  	  123.8  	  3468.00    
  52.0  	  125.6  	  3340.00    
  53.0  	  127.4  	  3217.00    
  54.0  	  129.2  	  3099.00    
  55.0  	  131.0  	  2986.00    
  56.0  	  132.8  	  2878.00    
  57.0  	  134.6  	  2774.00    
  58.0  	  136.4  	  2675.00    
  59.0  	  138.2  	  2579.00    
  60.0  	  140.0  	  2488.00    
  61.0  	  141.8  	  2400.00    
  62.0  	  143.6  	  2316.00    
  63.0  	  145.4  	  2235.00    
  64.0  	  147.2  	  2157.00    
  65.0  	  149.0  	  2083.00    
  66.0  	  150.8  	  2011.00    
  67.0  	  152.6  	  1942.00    
  68.0  	  154.4  	  1876.00    
  69.0  	  156.2  	  1813.00    
  70.0  	  158.0  	  1752.00    
  71.0  	  159.8  	  1693.00    
  72.0  	  161.6  	  1637.00    
  73.0  	  163.4  	  1582.00    
  74.0  	  165.2  	  1530.00    
  75.0  	  167.0  	  1480.00    
  76.0  	  168.8  	  1432.00    
  77.0  	  170.6  	  1385.00    
  78.0  	  172.4  	  1340.00    
  79.0  	  174.2  	  1297.00    
  80.0  	  176.0  	  1255.00    
  81.0  	  177.8  	  1215.00    
  82.0  	  179.6  	  1177.00    
  83.0  	  181.4  	  1140.00    
  84.0  	  183.2  	  1104.00    
  85.0  	  185.0  	  1070.00    
  86.0  	  186.8  	  1037.00    
  87.0  	  188.6  	  1005.00    
  88.0  	  190.4  	  973.80    
  89.0  	  192.2  	  944.10    
  90.0  	  194.0  	  915.50    
  91.0  	  195.8  	  887.80    
  92.0  	  197.6  	  861.20    
  93.0  	  199.4  	  835.40    
  94.0  	  201.2  	  810.60    
  95.0  	  203.0  	  786.60    
  96.0  	  204.8  	  763.50    
  97.0  	  206.6  	  741.20    
  98.0  	  208.4  	  719.60    
  99.0  	  210.2  	  698.70    
  100.0  	  212.0  	  678.60    
  101.0  	  213.8  	  659.10    
  102.0  	  215.6  	  640.30    
  103.0  	  217.4  	  622.20    
  104.0  	  219.2  	  604.60    
  105.0  	  221.0  	  587.60    
  106.0  	  222.8  	  571.20    
  107.0  	  224.6  	  555.30    
  108.0  	  226.4  	  539.90    
  109.0  	  228.2  	  525.00    
  110.0  	  230.0  	  510.60    
  111.0  	  231.8  	  496.70    
  112.0  	  233.6  	  483.20    
  113.0  	  235.4  	  470.10    
  114.0  	  237.2  	  457.50    
  115.0  	  239.0  	  445.30    
  116.0  	  240.8  	  433.40    
  117.0  	  242.6  	  421.90    
  118.0  	  244.4  	  410.80    
  119.0  	  246.2  	  400.00    
  120.0  	  248.0  	  389.60    
  121.0  	  249.8  	  379.40    
  122.0  	  251.6  	  369.60    
  123.0  	  253.4  	  360.10    
  124.0  	  255.2  	  350.90    
  125.0  	  257.0  	  341.90    
  126.0  	  258.8  	  333.20    
  127.0  	  260.6  	  324.80    
  128.0  	  262.4  	  316.60    
  129.0  	  264.2  	  308.70    
  130.0  	  266.0  	  301.00    
  131.0  	  267.8  	  293.50    
  132.0  	  269.6  	  286.30    
  133.0  	  271.4  	  279.20    
  134.0  	  273.2  	  272.40    
  135.0  	  275.0  	  265.80    
  136.0  	  276.8  	  259.30    
  137.0  	  278.6  	  253.10    
  138.0  	  280.4  	  247.00    
  139.0  	  282.2  	  241.10    
  140.0  	  284.0  	  235.30    
  141.0  	  285.8  	  229.70    
  142.0  	  287.6  	  224.30    
  143.0  	  289.4  	  219.00    
  144.0  	  291.2  	  213.90    
  145.0  	  293.0  	  208.90    
  146.0  	  294.8  	  204.10    
  147.0  	  296.6  	  199.40    
  148.0  	  298.4  	  194.80    
  149.0  	  300.2  	  190.30    
  150.0  	  302.0  	  186.10  
